name: mmi-helipuertos-2025
channels:
  - defaults
dependencies:
  - bzip2=1.0.8
  - ca-certificates=2025.9.9
  - expat=2.7.1
  - libffi=3.4.4
  - libzlib=1.3.1
  - openssl=3.0.17
  - pip=25.2
  - python=3.11.13
  - setuptools=78.1.1
  - sqlite=3.50.2
  - tk=8.6.15
  - tzdata=2025b
  - ucrt=10.0.22621.0
  - vc=14.3
  - vc14_runtime=14.44.35208
  - vs2015_runtime=14.44.35208
  - wheel=0.45.1
  - xz=5.6.4
  - zlib=1.3.1
prefix: C:\Users\User\anaconda3\envs\mmi-helipuertos-2025
